ROUND_START | RSU: 100004 | Round: 1 | Time: 21605.100000
CLIENTS_SELECTED | RSU: 100004 | Round: 1 | Clients: ;3 | Time: 21605.100000
ROUND_START | RSU: 100005 | Round: 1 | Time: 21605.100000
CLIENTS_SELECTED | RSU: 100005 | Round: 1 | Clients: ;3;2 | Time: 21605.100000
ROUND_START | RSU: 100006 | Round: 1 | Time: 21605.100000
CLIENTS_SELECTED | RSU: 100006 | Round: 1 | Clients: ;2 | Time: 21605.100000
ROUND_START | RSU: 100008 | Round: 1 | Time: 21605.100000
CLIENTS_SELECTED | RSU: 100008 | Round: 1 | Clients: ;2;3 | Time: 21605.100000
ROUND_START | RSU: 100009 | Round: 1 | Time: 21605.100000
CLIENTS_SELECTED | RSU: 100009 | Round: 1 | Clients: ;3;2;1;0 | Time: 21605.100000
ROUND_START | RSU: 100010 | Round: 1 | Time: 21605.100000
CLIENTS_SELECTED | RSU: 100010 | Round: 1 | Clients: ;0;2;1;3 | Time: 21605.100000
ROUND_START | RSU: 100011 | Round: 1 | Time: 21605.100000
CLIENTS_SELECTED | RSU: 100011 | Round: 1 | Clients: ;1;2 | Time: 21605.100000
ROUND_START | RSU: 100012 | Round: 1 | Time: 21605.100000
CLIENTS_SELECTED | RSU: 100012 | Round: 1 | Clients: ;0;3 | Time: 21605.100000
ROUND_START | RSU: 100013 | Round: 1 | Time: 21605.100000
CLIENTS_SELECTED | RSU: 100013 | Round: 1 | Clients: ;0;1;3;2 | Time: 21605.100000
ROUND_START | RSU: 100014 | Round: 1 | Time: 21605.100000
CLIENTS_SELECTED | RSU: 100014 | Round: 1 | Clients: ;1;2;0 | Time: 21605.100000
ROUND_START | RSU: 100015 | Round: 1 | Time: 21605.100000
CLIENTS_SELECTED | RSU: 100015 | Round: 1 | Clients: ;0;1 | Time: 21605.100000
ROUND_START | RSU: 100007 | Round: 1 | Time: 21625.100000
CLIENTS_SELECTED | RSU: 100007 | Round: 1 | Clients: ;19 | Time: 21625.100000
ROUND_START | RSU: 100001 | Round: 1 | Time: 21630.100000
CLIENTS_SELECTED | RSU: 100001 | Round: 1 | Clients: ;22 | Time: 21630.100000
ROUND_START | RSU: 100002 | Round: 1 | Time: 21630.100000
CLIENTS_SELECTED | RSU: 100002 | Round: 1 | Clients: ;22 | Time: 21630.100000
ROUND_AGGREGATION | RSU: 100014 | Round: 1 | Time: 21665.100000
ROUND_START | RSU: 100004 | Round: 2 | Time: 21665.100000
CLIENTS_SELECTED | RSU: 100004 | Round: 2 | Clients: ;25;32;4;37;3;22 | Time: 21665.100000
ROUND_START | RSU: 100005 | Round: 2 | Time: 21665.100000
CLIENTS_SELECTED | RSU: 100005 | Round: 2 | Clients: ;38;40;3;41;22;4;18;26;37;19;2;15;25;34 | Time: 21665.100000
ROUND_START | RSU: 100006 | Round: 2 | Time: 21665.100000
CLIENTS_SELECTED | RSU: 100006 | Round: 2 | Clients: ;19;41;40;34;18;25;22;38;15;26;2 | Time: 21665.100000
ROUND_START | RSU: 100008 | Round: 2 | Time: 21665.100000
CLIENTS_SELECTED | RSU: 100008 | Round: 2 | Clients: ;3;20;39;37;29;13;30;21;15;32;4;17;41;33;6;12;25;18;2 | Time: 21665.100000
ROUND_START | RSU: 100009 | Round: 2 | Time: 21665.100000
CLIENTS_SELECTED | RSU: 100009 | Round: 2 | Clients: ;40;24;27;35;16;38;14;32;26;37;17;7;39;34;4;31;21;13;22;8;29;9;15;5;3;10;20;18;1;36;6;11;25;33;41;30;23;12;28;2;0;19 | Time: 21665.100000
ROUND_START | RSU: 100010 | Round: 2 | Time: 21665.100000
CLIENTS_SELECTED | RSU: 100010 | Round: 2 | Clients: ;23;10;5;30;4;34;7;29;1;40;3;20;13;15;36;28;26;41;22;27;8;11;19;2;14;17;25;39;31;38;0;16;18 | Time: 21665.100000
ROUND_START | RSU: 100011 | Round: 2 | Time: 21665.100000
CLIENTS_SELECTED | RSU: 100011 | Round: 2 | Clients: ;5;40;1;41;10;34;11;2;38;22;14;18;26;31;19 | Time: 21665.100000
ROUND_START | RSU: 100012 | Round: 2 | Time: 21665.100000
CLIENTS_SELECTED | RSU: 100012 | Round: 2 | Clients: ;16;24;25;20;30;6;23;33;12;39;27;36;29;21;0;32;35;37;17;15;28;9;13;8;7;4;3 | Time: 21665.100000
ROUND_START | RSU: 100013 | Round: 2 | Time: 21665.100000
CLIENTS_SELECTED | RSU: 100013 | Round: 2 | Clients: ;35;37;2;26;10;25;9;29;13;14;8;1;28;12;30;21;41;15;24;33;5;19;27;40;18;16;36;17;0;11;31;38;6;32;20;23;4;34;3;39;7 | Time: 21665.100000
ROUND_START | RSU: 100014 | Round: 2 | Time: 21665.100000
CLIENTS_SELECTED | RSU: 100014 | Round: 2 | Clients: ;16;28;26;25;13;7;24;27;31;11;34;8;40;23;21;9;18;1;12;39;30;5;6;17;29;20;35;14;38;10;15;2;41;0;36;19 | Time: 21665.100000
ROUND_START | RSU: 100015 | Round: 2 | Time: 21665.100000
CLIENTS_SELECTED | RSU: 100015 | Round: 2 | Clients: ;5;14;38;34;27;26;1;16;10;28;31;11;8;0 | Time: 21665.100000
ROUND_AGGREGATION | RSU: 100007 | Round: 1 | Time: 21685.100000
ROUND_START | RSU: 100007 | Round: 2 | Time: 21685.100000
CLIENTS_SELECTED | RSU: 100007 | Round: 2 | Clients: ;19;22 | Time: 21685.100000
ROUND_START | RSU: 100001 | Round: 2 | Time: 21690.100000
CLIENTS_SELECTED | RSU: 100001 | Round: 2 | Clients: ;22 | Time: 21690.100000
ROUND_START | RSU: 100002 | Round: 2 | Time: 21690.100000
CLIENTS_SELECTED | RSU: 100002 | Round: 2 | Clients: ;22 | Time: 21690.100000
ROUND_AGGREGATION | RSU: 100009 | Round: 2 | Time: 21725.100000
ROUND_AGGREGATION | RSU: 100014 | Round: 2 | Time: 21725.100000
ROUND_START | RSU: 100004 | Round: 3 | Time: 21725.100000
CLIENTS_SELECTED | RSU: 100004 | Round: 3 | Clients: ;22;62;50;68;64;25;37;56;4;32;46;60;73;69;67;45;3 | Time: 21725.100000
ROUND_START | RSU: 100005 | Round: 3 | Time: 21725.100000
CLIENTS_SELECTED | RSU: 100005 | Round: 3 | Clients: ;45;25;40;62;60;22;19;4;18;67;46;38;50;3;64;77;65;34;68;69;41;15;73;54;26;2;37 | Time: 21725.100000
ROUND_START | RSU: 100006 | Round: 3 | Time: 21725.100000
CLIENTS_SELECTED | RSU: 100006 | Round: 3 | Clients: ;26;64;25;22;38;58;54;77;19;68;15;41;2;62;51;34;18;45;40 | Time: 21725.100000
ROUND_START | RSU: 100008 | Round: 3 | Time: 21725.100000
CLIENTS_SELECTED | RSU: 100008 | Round: 3 | Clients: ;4;53;76;64;29;55;70;13;15;46;39;63;68;18;6;12;50;69;62;48;20;61;60;56;65;33;30;73;41;17;67;45;72;32;3;75;2;21;37;25 | Time: 21725.100000
ROUND_START | RSU: 100009 | Round: 3 | Time: 21725.100000
CLIENTS_SELECTED | RSU: 100009 | Round: 3 | Clients: ;45;21;68;25;35;71;33;65;55;1;24;63;53;69;29;19;18;52;10;58;64;60;17;41;32;43;22;40;48;12;50;0;38;39;30;66;26;59;49;75;57;72;54;23;51;2;44;73;46;47;36;20;16;62;74;42;6;3;5;61;9;37;70;28;4;7;14;13;76;77;11;15;31;34;27;8 | Time: 21725.100000
ROUND_START | RSU: 100010 | Round: 3 | Time: 21725.100000
CLIENTS_SELECTED | RSU: 100010 | Round: 3 | Clients: ;72;19;15;49;69;58;73;18;42;61;70;50;63;75;20;74;46;71;43;45;76;62;57;44;51;77;66;17;64;36;40;52;53;54;8;30;25;3;47;55;65;28;13;26;23;29;16;1;27;0;38;22;41;14;4;11;31;2;68;7;34;10;5;39 | Time: 21725.100000
ROUND_START | RSU: 100011 | Round: 3 | Time: 21725.100000
CLIENTS_SELECTED | RSU: 100011 | Round: 3 | Clients: ;18;34;1;57;44;66;43;38;40;77;5;11;51;47;19;22;58;74;54;31;26;71;42;41;14;10;2 | Time: 21725.100000
ROUND_START | RSU: 100012 | Round: 3 | Time: 21725.100000
CLIENTS_SELECTED | RSU: 100012 | Round: 3 | Clients: ;52;23;48;75;46;70;76;16;45;62;61;69;21;59;73;25;30;49;39;53;9;33;24;55;65;8;37;63;4;20;12;50;35;56;29;0;28;32;7;3;17;6;72;36;60;27;15;13 | Time: 21725.100000
ROUND_START | RSU: 100013 | Round: 3 | Time: 21725.100000
CLIENTS_SELECTED | RSU: 100013 | Round: 3 | Clients: ;44;47;65;55;76;14;27;70;34;72;60;43;21;74;9;68;51;58;71;13;20;12;17;50;15;7;19;75;0;11;6;42;54;69;4;52;2;37;45;39;29;25;66;49;18;1;41;63;61;33;77;5;46;24;57;59;30;64;48;28;3;62;53;38;36;73;16;35;23;32;8;31;10;26;40 | Time: 21725.100000
ROUND_START | RSU: 100014 | Round: 3 | Time: 21725.100000
CLIENTS_SELECTED | RSU: 100014 | Round: 3 | Clients: ;19;11;54;5;72;75;6;73;45;26;52;16;53;44;65;74;46;51;61;18;24;57;43;0;71;29;15;42;35;25;59;58;36;20;63;27;13;66;17;55;1;70;68;47;23;49;38;76;12;14;7;39;77;40;31;62;64;30;9;10;2;8;21;34;28;41 | Time: 21725.100000
ROUND_START | RSU: 100015 | Round: 3 | Time: 21725.100000
CLIENTS_SELECTED | RSU: 100015 | Round: 3 | Clients: ;57;43;42;1;11;47;71;5;10;28;54;51;8;74;58;16;44;52;49;0;34;66;31;38;14;27;26 | Time: 21725.100000
ROUND_AGGREGATION | RSU: 100007 | Round: 2 | Time: 21745.100000
ROUND_START | RSU: 100007 | Round: 3 | Time: 21745.100000
CLIENTS_SELECTED | RSU: 100007 | Round: 3 | Clients: ;22;77;19 | Time: 21745.100000
ROUND_START | RSU: 100001 | Round: 3 | Time: 21750.100000
CLIENTS_SELECTED | RSU: 100001 | Round: 3 | Clients: ;22;90 | Time: 21750.100000
ROUND_START | RSU: 100002 | Round: 3 | Time: 21750.100000
CLIENTS_SELECTED | RSU: 100002 | Round: 3 | Clients: ;22 | Time: 21750.100000
ROUND_AGGREGATION | RSU: 100009 | Round: 3 | Time: 21785.100000
ROUND_AGGREGATION | RSU: 100014 | Round: 3 | Time: 21785.100000
ROUND_START | RSU: 100004 | Round: 4 | Time: 21785.100000
CLIENTS_SELECTED | RSU: 100004 | Round: 4 | Clients: ;22;64;83;86;90;69;60;99;73;104;25;85;50;56;4;91;46;80;100;67;62;45;37;32;68;3 | Time: 21785.100000
ROUND_START | RSU: 100005 | Round: 4 | Time: 21785.100000
CLIENTS_SELECTED | RSU: 100005 | Round: 4 | Clients: ;83;90;3;97;80;22;25;38;100;102;91;34;86;50;19;104;18;67;54;41;62;87;108;45;68;99;106;26;60;69;77;92;37;73;65;101;85;46;2;40;15;64;4 | Time: 21785.100000
ROUND_START | RSU: 100006 | Round: 4 | Time: 21785.100000
CLIENTS_SELECTED | RSU: 100006 | Round: 4 | Clients: ;34;19;106;25;26;64;80;62;92;22;68;102;90;18;101;99;58;54;77;45;87;15;111;81;108;85;41;40;38;2;51;100 | Time: 21785.100000
ROUND_START | RSU: 100008 | Round: 4 | Time: 21785.100000
CLIENTS_SELECTED | RSU: 100008 | Round: 4 | Clients: ;61;25;96;80;82;39;103;29;56;37;3;105;62;98;90;91;33;12;108;95;20;100;46;109;78;85;69;97;99;84;63;30;92;18;83;50;55;70;65;76;88;60;68;4;41;21;86;64;32;93;17;48;72;67;45;6;13;107;104;75;53;15;73 | Time: 21785.100000
ROUND_START | RSU: 100009 | Round: 4 | Time: 21785.100000
CLIENTS_SELECTED | RSU: 100009 | Round: 4 | Clients: ;47;61;101;87;95;49;18;57;13;81;109;14;102;20;96;38;51;62;73;91;110;107;9;1;8;103;100;6;53;25;30;90;80;12;63;54;64;79;97;74;27;93;83;10;108;58;43;41;105;99;16;98;92;23;104;94;11;85;111;50;0;22;33;69;31;78;4;76;37;86;32;55;70;106;60;65;39;3;89;34;84;17;26;75;28;19;71;42;5;68;82;7;77;29;52;24;88;48;66;35;44;21;59;36;15;45;72;46;40 | Time: 21785.100000
ROUND_START | RSU: 100010 | Round: 4 | Time: 21785.100000
CLIENTS_SELECTED | RSU: 100010 | Round: 4 | Clients: ;99;104;53;108;19;25;36;52;102;80;51;79;68;54;67;85;1;82;78;87;65;101;29;83;89;57;93;17;40;41;76;18;27;2;14;55;26;49;94;13;0;20;92;70;69;34;30;73;106;98;31;50;88;62;8;61;110;100;74;28;22;39;58;63;42;75;105;64;111;72;71;97;81;23;44;15;47;77;84;38;43;4;90;7;16;3;46;11;66;10;45;5 | Time: 21785.100000
ROUND_START | RSU: 100011 | Round: 4 | Time: 21785.100000
CLIENTS_SELECTED | RSU: 100011 | Round: 4 | Clients: ;77;19;57;1;101;44;51;87;11;22;81;106;47;31;26;18;2;14;79;66;38;74;111;71;54;58;34;43;10;5;102;42;40;41 | Time: 21785.100000
ROUND_START | RSU: 100012 | Round: 4 | Time: 21785.100000
CLIENTS_SELECTED | RSU: 100012 | Round: 4 | Clients: ;103;17;99;59;107;110;78;89;100;15;0;24;46;6;39;7;86;69;92;82;36;62;49;80;13;67;91;98;48;109;30;27;20;16;83;8;12;28;95;108;37;94;25;73;96;56;75;60;104;45;4;29;88;52;84;97;93;50;65;21;35;105;33;55;3;76;61;9;23;53;32;63;70;72 | Time: 21785.100000
ROUND_START | RSU: 100013 | Round: 4 | Time: 21785.100000
CLIENTS_SELECTED | RSU: 100013 | Round: 4 | Clients: ;103;105;85;65;48;77;96;52;89;73;91;57;46;76;99;7;87;25;0;5;90;6;110;36;20;4;81;35;45;93;70;30;83;24;92;1;95;69;50;62;14;19;107;61;86;97;68;49;111;66;54;84;74;44;3;94;51;79;9;101;40;64;12;10;98;100;11;59;37;43;8;47;72;108;104;29;80;38;75;78;106;16;34;42;41;33;26;109;15;28;82;53;88;63;32;55;39;31;17;102;71;18;23;27;13;21;60;58 | Time: 21785.100000
ROUND_START | RSU: 100014 | Round: 4 | Time: 21785.100000
CLIENTS_SELECTED | RSU: 100014 | Round: 4 | Clients: ;78;57;74;71;68;111;6;1;53;39;108;66;80;88;110;54;63;59;12;14;8;30;9;2;62;45;77;82;81;40;58;23;97;11;94;36;10;99;42;61;19;43;107;92;13;106;27;75;64;38;87;72;79;93;65;16;20;18;89;98;47;25;105;28;29;83;55;31;51;102;84;70;21;76;35;24;100;49;101;15;0;44;52;41;17;26;46;34;7;5;73 | Time: 21785.100000
ROUND_START | RSU: 100015 | Round: 4 | Time: 21785.100000
CLIENTS_SELECTED | RSU: 100015 | Round: 4 | Clients: ;111;71;14;16;106;101;81;26;47;74;1;11;5;87;57;42;54;34;31;110;38;89;58;79;10;8;51;52;44;0;27;49;66;28;43 | Time: 21785.100000
